{
 "cells": [
  {
   "cell_type": "code",
   "execution_count": 2,
   "metadata": {
    "collapsed": true
   },
   "outputs": [],
   "source": [
    "%matplotlib inline\n",
    "import pandas as pd\n",
    "import numpy as np\n",
    "import matplotlib.pyplot as plt\n",
    "import matplotlib.cm as cm\n",
    "import seaborn as sns\n",
    "plt.style.use('ggplot') # This styles the graphs in a nicer format\n",
    "\n",
    "import statsmodels.formula.api as smf"
   ]
  },
  {
   "cell_type": "code",
   "execution_count": 31,
   "metadata": {
    "collapsed": false,
    "scrolled": false
   },
   "outputs": [
    {
     "name": "stdout",
     "output_type": "stream",
     "text": [
      "Orthodox       5338\n",
      "Southpaw       1350\n",
      "Switch          161\n",
      "Open Stance      24\n",
      "Sideways          5\n",
      "Name: STANCE, dtype: int64\n",
      "FIGHT_ORDER                 int64\n",
      "KEY                        object\n",
      "ROUND_FORMAT               object\n",
      "EVENT_TYPE                 object\n",
      "EVENT_NAME                 object\n",
      "EVENT_YEAR                  int64\n",
      "EVENT_MONTH                 int64\n",
      "EVENT_DAY                   int64\n",
      "LOCATION_COUNTRY           object\n",
      "LOCATION_CITY              object\n",
      "VENUE                      object\n",
      "ATTENDANCE                float64\n",
      "MAIN_FIGHT                 object\n",
      "MID                         int64\n",
      "WEIGHT_CLASS               object\n",
      "REF                        object\n",
      "METHOD                     object\n",
      "METHOD_D                   object\n",
      "ROUND                     float64\n",
      "FINISH_ROUND_MIN          float64\n",
      "FINISH_ROUND_SEC          float64\n",
      "FINISH_ROUND_INSECONDS    float64\n",
      "TOTAL_INSECONDS           float64\n",
      "FIGHTER_NAME               object\n",
      "FIGHER_NO                  object\n",
      "OUTCOME                    object\n",
      "FIGHTER_ID                  int64\n",
      "STR                       float64\n",
      "TD                        float64\n",
      "SUB                       float64\n",
      "PASS                      float64\n",
      "NICK                       object\n",
      "ASSOCIATION                object\n",
      "LOCALITY                   object\n",
      "COUNTRY                    object\n",
      "BIRTH_YEAR                float64\n",
      "AGE_AT_FIGHT              float64\n",
      "HEIGHT_CM                 float64\n",
      "WEIGHT_KG                 float64\n",
      "REACH_INCH                float64\n",
      "STANCE                     object\n",
      "WIN_AT_FIGHT                int64\n",
      "NOTWIN_AT_FIGHT             int64\n",
      "TOTAL_AT_FIGHT              int64\n",
      "WINRATIO_AT_FIGHT         float64\n",
      "AGE_DIFF                  float64\n",
      "HEIGHT_DIFF               float64\n",
      "WEIGHT_DIFF               float64\n",
      "REACH_DIFF                float64\n",
      "EXP_DIFF                    int64\n",
      "WINRATIO_DIFF             float64\n",
      "STANCE_DIFF                object\n",
      "OUTCOME1                    int64\n",
      "STANCE1                   float64\n",
      "STANCE_DIFF1              float64\n",
      "dtype: object\n",
      "(7138, 55)\n"
     ]
    }
   ],
   "source": [
    "UFC = pd.read_csv('Data/2a) UFC Fights.csv')\n",
    "\n",
    "#make sure theres no space in the columns\n",
    "UFC.columns = [c.replace(' ', '_') for c in UFC.columns]\n",
    "\n",
    "#change outcome win = 1, everything else 0\n",
    "UFC['OUTCOME1'] = UFC.OUTCOME.map({'win':1, 'loss':0, 'draw':0, 'NC':0})\n",
    "\n",
    "#change stance and stance_diff into 1,0\n",
    "#check out what stances there are\n",
    "print UFC.STANCE.value_counts()\n",
    "#lets just put orthodox as 1, other as 0\n",
    "UFC['STANCE1'] = UFC.STANCE.map({'Orthodox':1, 'Southpaw':0, 'Switch':0, 'Open Stance':0,'Sideways':0})\n",
    "#same stance = 0\n",
    "UFC['STANCE_DIFF1'] = UFC.STANCE_DIFF.map({'Same Stance':0, 'Different Stance':1})\n",
    "\n",
    "#print column names and type\n",
    "print UFC.dtypes\n",
    "print UFC.shape"
   ]
  },
  {
   "cell_type": "code",
   "execution_count": 32,
   "metadata": {
    "collapsed": false
   },
   "outputs": [
    {
     "name": "stdout",
     "output_type": "stream",
     "text": [
      "Lightweight            1434\n",
      "Welterweight           1400\n",
      "Middleweight           1094\n",
      "Light Heavyweight       726\n",
      "Heavyweight             676\n",
      "Featherweight           546\n",
      "Bantamweight            434\n",
      "Flyweight               212\n",
      "Womens Bantamweight     110\n",
      "Womens Strawweight       76\n",
      "Catch Weight             28\n",
      "Super Heavyweight         2\n",
      "Name: WEIGHT_CLASS, dtype: int64\n",
      "Lightweight          1434\n",
      "Welterweight         1400\n",
      "Middleweight         1094\n",
      "Light Heavyweight     726\n",
      "Heavyweight           676\n",
      "Featherweight         546\n",
      "Bantamweight          434\n",
      "Flyweight             212\n",
      "Name: WEIGHT_CLASS, dtype: int64\n"
     ]
    }
   ],
   "source": [
    "#Add Business Filters\n",
    "#Exclude fights where it is single round only\n",
    "UFC1=UFC[(UFC.ROUND_FORMAT == 'MULTI-ROUND')]\n",
    "#see how many fights are there for each weight class\n",
    "print UFC1.WEIGHT_CLASS.value_counts()\n",
    "#from initial investigation we will exclude Women's classes, Catch Weight and Super Heavyweight\n",
    "UFC1=UFC[(UFC.ROUND_FORMAT == 'MULTI-ROUND')&(-UFC.WEIGHT_CLASS.isin(['Super Heavyweight','Catch Weight','Womens Bantamweight','Womens Strawweight']))&(UFC.WEIGHT_CLASS.notnull())]\n",
    "print UFC1.WEIGHT_CLASS.value_counts()"
   ]
  },
  {
   "cell_type": "code",
   "execution_count": 33,
   "metadata": {
    "collapsed": false
   },
   "outputs": [
    {
     "name": "stdout",
     "output_type": "stream",
     "text": [
      "(6522, 55)\n",
      "(3520, 55)\n",
      "(6522, 55)\n",
      "(3520, 55)\n",
      "(4694, 54)\n",
      "Lightweight          1074\n",
      "Welterweight          975\n",
      "Middleweight          748\n",
      "Light Heavyweight     496\n",
      "Featherweight         460\n",
      "Heavyweight           411\n",
      "Bantamweight          339\n",
      "Flyweight             191\n",
      "Name: WEIGHT_CLASS, dtype: int64\n"
     ]
    }
   ],
   "source": [
    "#check out missing values\n",
    "#print UFC1.isnull().sum()\n",
    "\n",
    "#we'll need to see if we want to fill the missing values or just exclude them\n",
    "#Lets see how much data we exclude by class if we exclude all observations with any missing values\n",
    "UFC1a = UFC1.dropna()\n",
    "print UFC1.shape\n",
    "print UFC1a.shape\n",
    "\n",
    "#roughly we've dropped half the observations - let's check by weight class but first..\n",
    "#check if nickname means anything, otherwise let's drop as it makes up most of the missing\n",
    "UFC1.NICK.isnull().sum()\n",
    "#print UFC1[(UFC1.NICK.isnull())&(UFC1.OUTCOME=='win')].shape\n",
    "#print UFC1[(UFC1.NICK.notnull())&(UFC1.OUTCOME=='win')].shape\n",
    "#seems irrelevant, I'm going to remove the column and exclude again to increase data points\n",
    "\n",
    "UFC1b = UFC1.drop('NICK', 1)\n",
    "UFC1b = UFC1b.dropna()\n",
    "print UFC1.shape\n",
    "print UFC1a.shape\n",
    "print UFC1b.shape\n",
    "\n",
    "#how much remaining by class?\n",
    "print UFC1b.WEIGHT_CLASS.value_counts()"
   ]
  },
  {
   "cell_type": "code",
   "execution_count": 37,
   "metadata": {
    "collapsed": false
   },
   "outputs": [
    {
     "name": "stdout",
     "output_type": "stream",
     "text": [
      "FIGHT_ORDER               0.009309\n",
      "EVENT_YEAR                0.004417\n",
      "EVENT_MONTH               0.024460\n",
      "EVENT_DAY                 0.009076\n",
      "ATTENDANCE               -0.016541\n",
      "MID                       0.015229\n",
      "ROUND                    -0.003581\n",
      "FINISH_ROUND_MIN         -0.033595\n",
      "FINISH_ROUND_SEC          0.017719\n",
      "FINISH_ROUND_INSECONDS   -0.033698\n",
      "TOTAL_INSECONDS          -0.010126\n",
      "FIGHTER_ID                0.057751\n",
      "STR                       0.292652\n",
      "TD                        0.316421\n",
      "SUB                       0.302158\n",
      "PASS                      0.319390\n",
      "BIRTH_YEAR                0.113906\n",
      "AGE_AT_FIGHT             -0.115286\n",
      "HEIGHT_CM                -0.163583\n",
      "WEIGHT_KG                 0.025946\n",
      "REACH_INCH               -0.074713\n",
      "WIN_AT_FIGHT              0.166004\n",
      "NOTWIN_AT_FIGHT          -0.003696\n",
      "TOTAL_AT_FIGHT            0.124945\n",
      "WINRATIO_AT_FIGHT         0.134179\n",
      "AGE_DIFF                 -0.192418\n",
      "HEIGHT_DIFF              -0.248488\n",
      "WEIGHT_DIFF               0.022338\n",
      "REACH_DIFF               -0.101243\n",
      "EXP_DIFF                  0.181107\n",
      "WINRATIO_DIFF             0.177067\n",
      "OUTCOME1                  1.000000\n",
      "STANCE1                  -0.052242\n",
      "STANCE_DIFF1             -0.002405\n",
      "Name: OUTCOME1, dtype: float64\n"
     ]
    },
    {
     "data": {
      "text/html": [
       "<div>\n",
       "<table border=\"1\" class=\"dataframe\">\n",
       "  <thead>\n",
       "    <tr style=\"text-align: right;\">\n",
       "      <th></th>\n",
       "      <th>BIRTH_YEAR</th>\n",
       "      <th>AGE_AT_FIGHT</th>\n",
       "      <th>HEIGHT_CM</th>\n",
       "      <th>WEIGHT_KG</th>\n",
       "      <th>REACH_INCH</th>\n",
       "      <th>WIN_AT_FIGHT</th>\n",
       "      <th>NOTWIN_AT_FIGHT</th>\n",
       "      <th>TOTAL_AT_FIGHT</th>\n",
       "      <th>WINRATIO_AT_FIGHT</th>\n",
       "      <th>AGE_DIFF</th>\n",
       "      <th>HEIGHT_DIFF</th>\n",
       "      <th>WEIGHT_DIFF</th>\n",
       "      <th>REACH_DIFF</th>\n",
       "      <th>EXP_DIFF</th>\n",
       "      <th>WINRATIO_DIFF</th>\n",
       "      <th>OUTCOME1</th>\n",
       "      <th>STANCE1</th>\n",
       "      <th>STANCE_DIFF1</th>\n",
       "    </tr>\n",
       "  </thead>\n",
       "  <tbody>\n",
       "    <tr>\n",
       "      <th>BIRTH_YEAR</th>\n",
       "      <td>1.000000</td>\n",
       "      <td>-0.813834</td>\n",
       "      <td>-0.179348</td>\n",
       "      <td>-0.342940</td>\n",
       "      <td>-0.145516</td>\n",
       "      <td>-0.265700</td>\n",
       "      <td>-0.271848</td>\n",
       "      <td>-0.292103</td>\n",
       "      <td>-0.090887</td>\n",
       "      <td>-0.553699</td>\n",
       "      <td>0.101719</td>\n",
       "      <td>0.029312</td>\n",
       "      <td>0.103448</td>\n",
       "      <td>-0.140256</td>\n",
       "      <td>0.015140</td>\n",
       "      <td>0.068060</td>\n",
       "      <td>0.029785</td>\n",
       "      <td>-0.008787</td>\n",
       "    </tr>\n",
       "    <tr>\n",
       "      <th>AGE_AT_FIGHT</th>\n",
       "      <td>-0.813834</td>\n",
       "      <td>1.000000</td>\n",
       "      <td>0.100970</td>\n",
       "      <td>0.260969</td>\n",
       "      <td>0.074624</td>\n",
       "      <td>0.334030</td>\n",
       "      <td>0.390850</td>\n",
       "      <td>0.386405</td>\n",
       "      <td>0.067017</td>\n",
       "      <td>0.628491</td>\n",
       "      <td>-0.117356</td>\n",
       "      <td>-0.031521</td>\n",
       "      <td>-0.116145</td>\n",
       "      <td>0.162265</td>\n",
       "      <td>-0.016881</td>\n",
       "      <td>-0.079608</td>\n",
       "      <td>-0.040784</td>\n",
       "      <td>0.018300</td>\n",
       "    </tr>\n",
       "    <tr>\n",
       "      <th>HEIGHT_CM</th>\n",
       "      <td>-0.179348</td>\n",
       "      <td>0.100970</td>\n",
       "      <td>1.000000</td>\n",
       "      <td>0.769471</td>\n",
       "      <td>0.862720</td>\n",
       "      <td>0.107238</td>\n",
       "      <td>0.019394</td>\n",
       "      <td>0.082601</td>\n",
       "      <td>0.091755</td>\n",
       "      <td>-0.081095</td>\n",
       "      <td>0.411222</td>\n",
       "      <td>0.102313</td>\n",
       "      <td>0.267350</td>\n",
       "      <td>-0.000532</td>\n",
       "      <td>0.009579</td>\n",
       "      <td>0.007238</td>\n",
       "      <td>0.006451</td>\n",
       "      <td>-0.008449</td>\n",
       "    </tr>\n",
       "    <tr>\n",
       "      <th>WEIGHT_KG</th>\n",
       "      <td>-0.342940</td>\n",
       "      <td>0.260969</td>\n",
       "      <td>0.769471</td>\n",
       "      <td>1.000000</td>\n",
       "      <td>0.726451</td>\n",
       "      <td>0.148159</td>\n",
       "      <td>0.068507</td>\n",
       "      <td>0.130419</td>\n",
       "      <td>0.107469</td>\n",
       "      <td>-0.014541</td>\n",
       "      <td>0.049477</td>\n",
       "      <td>0.185512</td>\n",
       "      <td>0.045641</td>\n",
       "      <td>0.009121</td>\n",
       "      <td>0.005965</td>\n",
       "      <td>0.013881</td>\n",
       "      <td>0.014576</td>\n",
       "      <td>-0.009521</td>\n",
       "    </tr>\n",
       "    <tr>\n",
       "      <th>REACH_INCH</th>\n",
       "      <td>-0.145516</td>\n",
       "      <td>0.074624</td>\n",
       "      <td>0.862720</td>\n",
       "      <td>0.726451</td>\n",
       "      <td>1.000000</td>\n",
       "      <td>0.115793</td>\n",
       "      <td>0.003397</td>\n",
       "      <td>0.082335</td>\n",
       "      <td>0.103693</td>\n",
       "      <td>-0.089035</td>\n",
       "      <td>0.306579</td>\n",
       "      <td>0.112938</td>\n",
       "      <td>0.463196</td>\n",
       "      <td>-0.002649</td>\n",
       "      <td>0.020534</td>\n",
       "      <td>0.031727</td>\n",
       "      <td>0.019020</td>\n",
       "      <td>-0.002086</td>\n",
       "    </tr>\n",
       "    <tr>\n",
       "      <th>WIN_AT_FIGHT</th>\n",
       "      <td>-0.265700</td>\n",
       "      <td>0.334030</td>\n",
       "      <td>0.107238</td>\n",
       "      <td>0.148159</td>\n",
       "      <td>0.115793</td>\n",
       "      <td>1.000000</td>\n",
       "      <td>0.654623</td>\n",
       "      <td>0.955379</td>\n",
       "      <td>0.475927</td>\n",
       "      <td>0.105603</td>\n",
       "      <td>0.010735</td>\n",
       "      <td>0.017335</td>\n",
       "      <td>0.009810</td>\n",
       "      <td>0.513203</td>\n",
       "      <td>0.167410</td>\n",
       "      <td>0.030761</td>\n",
       "      <td>-0.087420</td>\n",
       "      <td>0.054838</td>\n",
       "    </tr>\n",
       "    <tr>\n",
       "      <th>NOTWIN_AT_FIGHT</th>\n",
       "      <td>-0.271848</td>\n",
       "      <td>0.390850</td>\n",
       "      <td>0.019394</td>\n",
       "      <td>0.068507</td>\n",
       "      <td>0.003397</td>\n",
       "      <td>0.654623</td>\n",
       "      <td>1.000000</td>\n",
       "      <td>0.848710</td>\n",
       "      <td>0.019109</td>\n",
       "      <td>0.182812</td>\n",
       "      <td>-0.025987</td>\n",
       "      <td>0.021473</td>\n",
       "      <td>-0.039378</td>\n",
       "      <td>0.534499</td>\n",
       "      <td>-0.050208</td>\n",
       "      <td>-0.023879</td>\n",
       "      <td>0.007977</td>\n",
       "      <td>0.009162</td>\n",
       "    </tr>\n",
       "    <tr>\n",
       "      <th>TOTAL_AT_FIGHT</th>\n",
       "      <td>-0.292103</td>\n",
       "      <td>0.386405</td>\n",
       "      <td>0.082601</td>\n",
       "      <td>0.130419</td>\n",
       "      <td>0.082335</td>\n",
       "      <td>0.955379</td>\n",
       "      <td>0.848710</td>\n",
       "      <td>1.000000</td>\n",
       "      <td>0.340420</td>\n",
       "      <td>0.145311</td>\n",
       "      <td>-0.002644</td>\n",
       "      <td>0.020518</td>\n",
       "      <td>-0.008523</td>\n",
       "      <td>0.567883</td>\n",
       "      <td>0.097500</td>\n",
       "      <td>0.012190</td>\n",
       "      <td>-0.058041</td>\n",
       "      <td>0.041944</td>\n",
       "    </tr>\n",
       "    <tr>\n",
       "      <th>WINRATIO_AT_FIGHT</th>\n",
       "      <td>-0.090887</td>\n",
       "      <td>0.067017</td>\n",
       "      <td>0.091755</td>\n",
       "      <td>0.107469</td>\n",
       "      <td>0.103693</td>\n",
       "      <td>0.475927</td>\n",
       "      <td>0.019109</td>\n",
       "      <td>0.340420</td>\n",
       "      <td>1.000000</td>\n",
       "      <td>-0.016936</td>\n",
       "      <td>0.012298</td>\n",
       "      <td>0.013332</td>\n",
       "      <td>0.021109</td>\n",
       "      <td>0.095237</td>\n",
       "      <td>0.567596</td>\n",
       "      <td>0.050039</td>\n",
       "      <td>-0.044282</td>\n",
       "      <td>0.037374</td>\n",
       "    </tr>\n",
       "    <tr>\n",
       "      <th>AGE_DIFF</th>\n",
       "      <td>-0.553699</td>\n",
       "      <td>0.628491</td>\n",
       "      <td>-0.081095</td>\n",
       "      <td>-0.014541</td>\n",
       "      <td>-0.089035</td>\n",
       "      <td>0.105603</td>\n",
       "      <td>0.182812</td>\n",
       "      <td>0.145311</td>\n",
       "      <td>-0.016936</td>\n",
       "      <td>1.000000</td>\n",
       "      <td>-0.188113</td>\n",
       "      <td>-0.046978</td>\n",
       "      <td>-0.180910</td>\n",
       "      <td>0.255797</td>\n",
       "      <td>-0.026749</td>\n",
       "      <td>-0.123812</td>\n",
       "      <td>-0.047450</td>\n",
       "      <td>-0.001053</td>\n",
       "    </tr>\n",
       "    <tr>\n",
       "      <th>HEIGHT_DIFF</th>\n",
       "      <td>0.101719</td>\n",
       "      <td>-0.117356</td>\n",
       "      <td>0.411222</td>\n",
       "      <td>0.049477</td>\n",
       "      <td>0.306579</td>\n",
       "      <td>0.010735</td>\n",
       "      <td>-0.025987</td>\n",
       "      <td>-0.002644</td>\n",
       "      <td>0.012298</td>\n",
       "      <td>-0.188113</td>\n",
       "      <td>1.000000</td>\n",
       "      <td>0.248339</td>\n",
       "      <td>0.655026</td>\n",
       "      <td>-0.005438</td>\n",
       "      <td>0.022333</td>\n",
       "      <td>0.011036</td>\n",
       "      <td>0.005057</td>\n",
       "      <td>-0.003909</td>\n",
       "    </tr>\n",
       "    <tr>\n",
       "      <th>WEIGHT_DIFF</th>\n",
       "      <td>0.029312</td>\n",
       "      <td>-0.031521</td>\n",
       "      <td>0.102313</td>\n",
       "      <td>0.185512</td>\n",
       "      <td>0.112938</td>\n",
       "      <td>0.017335</td>\n",
       "      <td>0.021473</td>\n",
       "      <td>0.020518</td>\n",
       "      <td>0.013332</td>\n",
       "      <td>-0.046978</td>\n",
       "      <td>0.248339</td>\n",
       "      <td>1.000000</td>\n",
       "      <td>0.240822</td>\n",
       "      <td>0.037701</td>\n",
       "      <td>0.024209</td>\n",
       "      <td>0.063930</td>\n",
       "      <td>-0.024114</td>\n",
       "      <td>-0.000309</td>\n",
       "    </tr>\n",
       "    <tr>\n",
       "      <th>REACH_DIFF</th>\n",
       "      <td>0.103448</td>\n",
       "      <td>-0.116145</td>\n",
       "      <td>0.267350</td>\n",
       "      <td>0.045641</td>\n",
       "      <td>0.463196</td>\n",
       "      <td>0.009810</td>\n",
       "      <td>-0.039378</td>\n",
       "      <td>-0.008523</td>\n",
       "      <td>0.021109</td>\n",
       "      <td>-0.180910</td>\n",
       "      <td>0.655026</td>\n",
       "      <td>0.240822</td>\n",
       "      <td>1.000000</td>\n",
       "      <td>-0.007757</td>\n",
       "      <td>0.042093</td>\n",
       "      <td>0.063888</td>\n",
       "      <td>0.017838</td>\n",
       "      <td>0.000204</td>\n",
       "    </tr>\n",
       "    <tr>\n",
       "      <th>EXP_DIFF</th>\n",
       "      <td>-0.140256</td>\n",
       "      <td>0.162265</td>\n",
       "      <td>-0.000532</td>\n",
       "      <td>0.009121</td>\n",
       "      <td>-0.002649</td>\n",
       "      <td>0.513203</td>\n",
       "      <td>0.534499</td>\n",
       "      <td>0.567883</td>\n",
       "      <td>0.095237</td>\n",
       "      <td>0.255797</td>\n",
       "      <td>-0.005438</td>\n",
       "      <td>0.037701</td>\n",
       "      <td>-0.007757</td>\n",
       "      <td>1.000000</td>\n",
       "      <td>0.170533</td>\n",
       "      <td>0.022543</td>\n",
       "      <td>-0.029735</td>\n",
       "      <td>-0.000427</td>\n",
       "    </tr>\n",
       "    <tr>\n",
       "      <th>WINRATIO_DIFF</th>\n",
       "      <td>0.015140</td>\n",
       "      <td>-0.016881</td>\n",
       "      <td>0.009579</td>\n",
       "      <td>0.005965</td>\n",
       "      <td>0.020534</td>\n",
       "      <td>0.167410</td>\n",
       "      <td>-0.050208</td>\n",
       "      <td>0.097500</td>\n",
       "      <td>0.567596</td>\n",
       "      <td>-0.026749</td>\n",
       "      <td>0.022333</td>\n",
       "      <td>0.024209</td>\n",
       "      <td>0.042093</td>\n",
       "      <td>0.170533</td>\n",
       "      <td>1.000000</td>\n",
       "      <td>0.083691</td>\n",
       "      <td>-0.019256</td>\n",
       "      <td>-0.000322</td>\n",
       "    </tr>\n",
       "    <tr>\n",
       "      <th>OUTCOME1</th>\n",
       "      <td>0.068060</td>\n",
       "      <td>-0.079608</td>\n",
       "      <td>0.007238</td>\n",
       "      <td>0.013881</td>\n",
       "      <td>0.031727</td>\n",
       "      <td>0.030761</td>\n",
       "      <td>-0.023879</td>\n",
       "      <td>0.012190</td>\n",
       "      <td>0.050039</td>\n",
       "      <td>-0.123812</td>\n",
       "      <td>0.011036</td>\n",
       "      <td>0.063930</td>\n",
       "      <td>0.063888</td>\n",
       "      <td>0.022543</td>\n",
       "      <td>0.083691</td>\n",
       "      <td>1.000000</td>\n",
       "      <td>-0.038498</td>\n",
       "      <td>0.001388</td>\n",
       "    </tr>\n",
       "    <tr>\n",
       "      <th>STANCE1</th>\n",
       "      <td>0.029785</td>\n",
       "      <td>-0.040784</td>\n",
       "      <td>0.006451</td>\n",
       "      <td>0.014576</td>\n",
       "      <td>0.019020</td>\n",
       "      <td>-0.087420</td>\n",
       "      <td>0.007977</td>\n",
       "      <td>-0.058041</td>\n",
       "      <td>-0.044282</td>\n",
       "      <td>-0.047450</td>\n",
       "      <td>0.005057</td>\n",
       "      <td>-0.024114</td>\n",
       "      <td>0.017838</td>\n",
       "      <td>-0.029735</td>\n",
       "      <td>-0.019256</td>\n",
       "      <td>-0.038498</td>\n",
       "      <td>1.000000</td>\n",
       "      <td>-0.501656</td>\n",
       "    </tr>\n",
       "    <tr>\n",
       "      <th>STANCE_DIFF1</th>\n",
       "      <td>-0.008787</td>\n",
       "      <td>0.018300</td>\n",
       "      <td>-0.008449</td>\n",
       "      <td>-0.009521</td>\n",
       "      <td>-0.002086</td>\n",
       "      <td>0.054838</td>\n",
       "      <td>0.009162</td>\n",
       "      <td>0.041944</td>\n",
       "      <td>0.037374</td>\n",
       "      <td>-0.001053</td>\n",
       "      <td>-0.003909</td>\n",
       "      <td>-0.000309</td>\n",
       "      <td>0.000204</td>\n",
       "      <td>-0.000427</td>\n",
       "      <td>-0.000322</td>\n",
       "      <td>0.001388</td>\n",
       "      <td>-0.501656</td>\n",
       "      <td>1.000000</td>\n",
       "    </tr>\n",
       "  </tbody>\n",
       "</table>\n",
       "</div>"
      ],
      "text/plain": [
       "                   BIRTH_YEAR  AGE_AT_FIGHT  HEIGHT_CM  WEIGHT_KG  REACH_INCH  \\\n",
       "BIRTH_YEAR           1.000000     -0.813834  -0.179348  -0.342940   -0.145516   \n",
       "AGE_AT_FIGHT        -0.813834      1.000000   0.100970   0.260969    0.074624   \n",
       "HEIGHT_CM           -0.179348      0.100970   1.000000   0.769471    0.862720   \n",
       "WEIGHT_KG           -0.342940      0.260969   0.769471   1.000000    0.726451   \n",
       "REACH_INCH          -0.145516      0.074624   0.862720   0.726451    1.000000   \n",
       "WIN_AT_FIGHT        -0.265700      0.334030   0.107238   0.148159    0.115793   \n",
       "NOTWIN_AT_FIGHT     -0.271848      0.390850   0.019394   0.068507    0.003397   \n",
       "TOTAL_AT_FIGHT      -0.292103      0.386405   0.082601   0.130419    0.082335   \n",
       "WINRATIO_AT_FIGHT   -0.090887      0.067017   0.091755   0.107469    0.103693   \n",
       "AGE_DIFF            -0.553699      0.628491  -0.081095  -0.014541   -0.089035   \n",
       "HEIGHT_DIFF          0.101719     -0.117356   0.411222   0.049477    0.306579   \n",
       "WEIGHT_DIFF          0.029312     -0.031521   0.102313   0.185512    0.112938   \n",
       "REACH_DIFF           0.103448     -0.116145   0.267350   0.045641    0.463196   \n",
       "EXP_DIFF            -0.140256      0.162265  -0.000532   0.009121   -0.002649   \n",
       "WINRATIO_DIFF        0.015140     -0.016881   0.009579   0.005965    0.020534   \n",
       "OUTCOME1             0.068060     -0.079608   0.007238   0.013881    0.031727   \n",
       "STANCE1              0.029785     -0.040784   0.006451   0.014576    0.019020   \n",
       "STANCE_DIFF1        -0.008787      0.018300  -0.008449  -0.009521   -0.002086   \n",
       "\n",
       "                   WIN_AT_FIGHT  NOTWIN_AT_FIGHT  TOTAL_AT_FIGHT  \\\n",
       "BIRTH_YEAR            -0.265700        -0.271848       -0.292103   \n",
       "AGE_AT_FIGHT           0.334030         0.390850        0.386405   \n",
       "HEIGHT_CM              0.107238         0.019394        0.082601   \n",
       "WEIGHT_KG              0.148159         0.068507        0.130419   \n",
       "REACH_INCH             0.115793         0.003397        0.082335   \n",
       "WIN_AT_FIGHT           1.000000         0.654623        0.955379   \n",
       "NOTWIN_AT_FIGHT        0.654623         1.000000        0.848710   \n",
       "TOTAL_AT_FIGHT         0.955379         0.848710        1.000000   \n",
       "WINRATIO_AT_FIGHT      0.475927         0.019109        0.340420   \n",
       "AGE_DIFF               0.105603         0.182812        0.145311   \n",
       "HEIGHT_DIFF            0.010735        -0.025987       -0.002644   \n",
       "WEIGHT_DIFF            0.017335         0.021473        0.020518   \n",
       "REACH_DIFF             0.009810        -0.039378       -0.008523   \n",
       "EXP_DIFF               0.513203         0.534499        0.567883   \n",
       "WINRATIO_DIFF          0.167410        -0.050208        0.097500   \n",
       "OUTCOME1               0.030761        -0.023879        0.012190   \n",
       "STANCE1               -0.087420         0.007977       -0.058041   \n",
       "STANCE_DIFF1           0.054838         0.009162        0.041944   \n",
       "\n",
       "                   WINRATIO_AT_FIGHT  AGE_DIFF  HEIGHT_DIFF  WEIGHT_DIFF  \\\n",
       "BIRTH_YEAR                 -0.090887 -0.553699     0.101719     0.029312   \n",
       "AGE_AT_FIGHT                0.067017  0.628491    -0.117356    -0.031521   \n",
       "HEIGHT_CM                   0.091755 -0.081095     0.411222     0.102313   \n",
       "WEIGHT_KG                   0.107469 -0.014541     0.049477     0.185512   \n",
       "REACH_INCH                  0.103693 -0.089035     0.306579     0.112938   \n",
       "WIN_AT_FIGHT                0.475927  0.105603     0.010735     0.017335   \n",
       "NOTWIN_AT_FIGHT             0.019109  0.182812    -0.025987     0.021473   \n",
       "TOTAL_AT_FIGHT              0.340420  0.145311    -0.002644     0.020518   \n",
       "WINRATIO_AT_FIGHT           1.000000 -0.016936     0.012298     0.013332   \n",
       "AGE_DIFF                   -0.016936  1.000000    -0.188113    -0.046978   \n",
       "HEIGHT_DIFF                 0.012298 -0.188113     1.000000     0.248339   \n",
       "WEIGHT_DIFF                 0.013332 -0.046978     0.248339     1.000000   \n",
       "REACH_DIFF                  0.021109 -0.180910     0.655026     0.240822   \n",
       "EXP_DIFF                    0.095237  0.255797    -0.005438     0.037701   \n",
       "WINRATIO_DIFF               0.567596 -0.026749     0.022333     0.024209   \n",
       "OUTCOME1                    0.050039 -0.123812     0.011036     0.063930   \n",
       "STANCE1                    -0.044282 -0.047450     0.005057    -0.024114   \n",
       "STANCE_DIFF1                0.037374 -0.001053    -0.003909    -0.000309   \n",
       "\n",
       "                   REACH_DIFF  EXP_DIFF  WINRATIO_DIFF  OUTCOME1   STANCE1  \\\n",
       "BIRTH_YEAR           0.103448 -0.140256       0.015140  0.068060  0.029785   \n",
       "AGE_AT_FIGHT        -0.116145  0.162265      -0.016881 -0.079608 -0.040784   \n",
       "HEIGHT_CM            0.267350 -0.000532       0.009579  0.007238  0.006451   \n",
       "WEIGHT_KG            0.045641  0.009121       0.005965  0.013881  0.014576   \n",
       "REACH_INCH           0.463196 -0.002649       0.020534  0.031727  0.019020   \n",
       "WIN_AT_FIGHT         0.009810  0.513203       0.167410  0.030761 -0.087420   \n",
       "NOTWIN_AT_FIGHT     -0.039378  0.534499      -0.050208 -0.023879  0.007977   \n",
       "TOTAL_AT_FIGHT      -0.008523  0.567883       0.097500  0.012190 -0.058041   \n",
       "WINRATIO_AT_FIGHT    0.021109  0.095237       0.567596  0.050039 -0.044282   \n",
       "AGE_DIFF            -0.180910  0.255797      -0.026749 -0.123812 -0.047450   \n",
       "HEIGHT_DIFF          0.655026 -0.005438       0.022333  0.011036  0.005057   \n",
       "WEIGHT_DIFF          0.240822  0.037701       0.024209  0.063930 -0.024114   \n",
       "REACH_DIFF           1.000000 -0.007757       0.042093  0.063888  0.017838   \n",
       "EXP_DIFF            -0.007757  1.000000       0.170533  0.022543 -0.029735   \n",
       "WINRATIO_DIFF        0.042093  0.170533       1.000000  0.083691 -0.019256   \n",
       "OUTCOME1             0.063888  0.022543       0.083691  1.000000 -0.038498   \n",
       "STANCE1              0.017838 -0.029735      -0.019256 -0.038498  1.000000   \n",
       "STANCE_DIFF1         0.000204 -0.000427      -0.000322  0.001388 -0.501656   \n",
       "\n",
       "                   STANCE_DIFF1  \n",
       "BIRTH_YEAR            -0.008787  \n",
       "AGE_AT_FIGHT           0.018300  \n",
       "HEIGHT_CM             -0.008449  \n",
       "WEIGHT_KG             -0.009521  \n",
       "REACH_INCH            -0.002086  \n",
       "WIN_AT_FIGHT           0.054838  \n",
       "NOTWIN_AT_FIGHT        0.009162  \n",
       "TOTAL_AT_FIGHT         0.041944  \n",
       "WINRATIO_AT_FIGHT      0.037374  \n",
       "AGE_DIFF              -0.001053  \n",
       "HEIGHT_DIFF           -0.003909  \n",
       "WEIGHT_DIFF           -0.000309  \n",
       "REACH_DIFF             0.000204  \n",
       "EXP_DIFF              -0.000427  \n",
       "WINRATIO_DIFF         -0.000322  \n",
       "OUTCOME1               0.001388  \n",
       "STANCE1               -0.501656  \n",
       "STANCE_DIFF1           1.000000  "
      ]
     },
     "execution_count": 37,
     "metadata": {},
     "output_type": "execute_result"
    }
   ],
   "source": [
    "#lets now have a look at correlation matrix for each class - total one won't mean much \n",
    "#as fighters fight at different weight classes\n",
    "\n",
    "#Weight class\tUpper weight limit\n",
    "#Strawweight\t115 lb (52.2 kg; 8.2 st)\n",
    "#Flyweight\t125 lb (56.7 kg; 8.9 st)\n",
    "#Bantamweight\t135 lb (61.2 kg; 9.6 st)\n",
    "#Featherweight\t145 lb (65.8 kg; 10.4 st)\n",
    "#Lightweight\t155 lb (70.3 kg; 11.1 st)\n",
    "#Welterweight\t170 lb (77.1 kg; 12.1 st)\n",
    "#Middleweight\t185 lb (83.9 kg; 13.2 st)\n",
    "#Light Heavyweight\t205 lb (93.0 kg; 14.6 st)\n",
    "#Heavyweight\t265 lb (120.2 kg; 18.9 st)\n",
    "#Super Heavyweight\tN/A\n",
    "\n",
    "#for each class, look at which variables correlate highest with outcome\n",
    "#use this to build first gen model\n",
    "#we also need to check out if these variables are correlated with each other\n",
    "\n",
    "FLYCORR = (UFC1b[(UFC1b.WEIGHT_CLASS == 'Flyweight')].corr()).OUTCOME1\n",
    "#FLYCORR\n",
    "FLYCORR1 = UFC1b.iloc[:,[34,35,36,37,38,39,40,41,42,43,44,45,46,47,48,49,50,51,52,53]]\n",
    "FLYCORR1.corr()\n",
    "\n",
    "#BANTCORR = (UFC1b[(UFC1b.WEIGHT_CLASS == 'Bantamweight')].corr()).OUTCOME1\n",
    "#BANTCORR\n",
    "\n",
    "#FEATCORR = (UFC1b[(UFC1b.WEIGHT_CLASS == 'Featherweight')].corr()).OUTCOME1\n",
    "#FEATCORR\n",
    "#weight difference seems to be important in this class!!!\n",
    "\n",
    "#LIGHTCORR = (UFC1b[(UFC1b.WEIGHT_CLASS == 'Lightweight')].corr()).OUTCOME1\n",
    "#LIGHTCORR\n",
    "\n",
    "#WELTCORR = (UFC1b[(UFC1b.WEIGHT_CLASS == 'Welterweight')].corr()).OUTCOME1\n",
    "#WELTCORR\n",
    "\n",
    "#MIDDLECORR = (UFC1b[(UFC1b.WEIGHT_CLASS == 'Middleweight')].corr()).OUTCOME1\n",
    "#LHCORR = (UFC1b[(UFC1b.WEIGHT_CLASS == 'Light Heavyweight')].corr()).OUTCOME1\n",
    "#HEAVYCORR = (UFC1b[(UFC1b.WEIGHT_CLASS == 'Heavyweight')].corr()).OUTCOME1\n",
    "\n",
    "\n",
    "\n"
   ]
  },
  {
   "cell_type": "code",
   "execution_count": null,
   "metadata": {
    "collapsed": true
   },
   "outputs": [],
   "source": []
  }
 ],
 "metadata": {
  "kernelspec": {
   "display_name": "Python 2",
   "language": "python",
   "name": "python2"
  },
  "language_info": {
   "codemirror_mode": {
    "name": "ipython",
    "version": 2
   },
   "file_extension": ".py",
   "mimetype": "text/x-python",
   "name": "python",
   "nbconvert_exporter": "python",
   "pygments_lexer": "ipython2",
   "version": "2.7.11"
  }
 },
 "nbformat": 4,
 "nbformat_minor": 0
}
